0.000000000000000000e+00 2.303120639817609616e-01 6.249572676288189105e-02 -1.878803253987726754e-02 1.119064161567688391e-02 -6.129820606570912656e-03 -5.474825435384541791e-03 5.722531178004692035e-03 -1.409313516091778616e-03 6.926447786625602836e-04
1.000000000000000056e-01 -2.686752843463675183e-02 2.130121645640584843e-02 -1.473368847883087945e-02 -1.883879923871461387e-02 -1.082730969727129650e-02 -8.537901410858986240e-03 -1.122619299203419380e-02 -7.313269931896293485e-03 -8.956904798182722949e-03
2.000000000000000111e-01 1.108184597928973947e-02 -4.139535417403585049e-02 -4.611439851910519722e-02 -5.538569775342314094e-02 -2.110186345891739215e-02 -1.063514776556986202e-02 -1.136681554099169128e-02 -1.512808620052200938e-02 -1.656157372102004532e-02
3.000000000000000444e-01 -6.111758387312300755e-02 -1.338615521284260146e-03 -6.705115216573143133e-02 -4.182998367610740731e-02 -1.456715393525463351e-02 -2.683418389945918178e-02 -1.679566450644873199e-02 -2.290845693982002107e-02 -1.953327933098058730e-02
4.000000000000000222e-01 6.536481975918936177e-03 -1.395247888185202623e-02 -3.879124910898569534e-04 -2.674343990759775122e-02 -2.993435517706335980e-02 -2.229809221407151251e-02 -1.922261870098043723e-02 -2.051611185933986670e-02 -2.103829006104630805e-02
5.000000000000000000e-01 1.664527308608983458e-01 -2.087545306587786434e-02 1.171754019541188657e-02 -8.019539480682990815e-03 -2.135207102615575836e-02 -9.023973287611298730e-03 -1.904716091331299516e-02 -1.879213875709947676e-02 -1.969359638174978527e-02
6.000000000000000888e-01 -5.738012910970789054e-02 -1.335937109043957016e-01 -5.139843604827349505e-02 -2.567235998836452787e-02 -2.365564311441394063e-02 -1.873697407647884755e-02 -1.790739141569865425e-02 -1.569246051908776765e-02 -1.716151976239796428e-02
7.000000000000000666e-01 -1.191858018212361425e-01 1.774509715371530919e-02 -3.679940420665131495e-02 -9.509209160871315639e-03 -2.095792640701605453e-02 -8.689074155642757119e-03 -9.320113780686261826e-03 -1.394527432310193465e-02 -1.153482381357151705e-02
8.000000000000000444e-01 -8.221911086708253574e-03 7.456565029412655365e-02 -1.048504648037630604e-02 3.627942514849246888e-03 2.001828725919405950e-03 -8.569366189295249750e-03 -5.539063591373561551e-03 -2.549569479603780962e-03 -3.917577654338970372e-03
9.000000000000000222e-01 3.156018920784894877e-02 -4.223434858944553200e-02 2.746855225659992211e-02 1.460890958545120293e-02 -7.335612864281335771e-04 2.699139492785765891e-03 3.151722620617716970e-03 5.290794941324816411e-03 3.095510443453629388e-03
1.000000000000000000e+00 -3.377854908254249167e-02 1.235683085637991341e-01 1.823762580296156913e-02 -1.811776046314112626e-02 1.004248030432385551e-02 7.900316019815735100e-03 2.111184283218729349e-02 1.531467969295608779e-02 1.302315490098919330e-02
1.100000000000000089e+00 -3.048675347381561707e-03 6.403294531442282889e-02 1.774908160118181949e-02 4.191000710183585831e-02 2.416085438760474935e-02 2.727004439623519766e-02 3.204519946065629427e-02 2.771216906255049781e-02 2.885275330093013332e-02
1.200000000000000178e+00 2.076755941842044553e-02 4.469917830272761294e-02 6.790266641955784721e-02 3.626269992723833713e-02 3.098830179900594756e-02 2.377489440333716703e-02 3.793951518220268354e-02 4.077352950967286227e-02 4.230155117986707930e-02
1.300000000000000044e+00 8.458210447474118210e-02 -2.625132881035438515e-02 2.913715901641731817e-02 4.685295997252630212e-02 6.550179030613553777e-02 5.485750880707560007e-02 5.306933818085497745e-02 5.456987761281548166e-02 5.486101894349407898e-02
1.400000000000000133e+00 3.584125077814405425e-02 6.634743634640437315e-02 1.482530292980471093e-02 6.770956643439753064e-02 7.817491953273228433e-02 7.115921388024888661e-02 6.849655153442657518e-02 7.305396064498173581e-02 6.951665471179459266e-02
1.500000000000000000e+00 2.121405541850412968e-02 5.958257781382173685e-02 7.399043632330565279e-02 1.118485432152365455e-01 9.437869820829465628e-02 8.270434026227341251e-02 8.394817553252253983e-02 8.761518600660667122e-02 8.624776540023020022e-02
1.600000000000000089e+00 2.252193979130621138e-01 8.213143668410087528e-02 9.766551016421445852e-02 9.385757554536641734e-02 1.012699895595548238e-01 1.029483805507026284e-01 9.968491094697773391e-02 1.032318860520964054e-01 1.027821630062394631e-01
1.700000000000000178e+00 3.070435540414034881e-01 4.400095643918175425e-02 2.104432149438908439e-01 1.183278850064776178e-01 9.269968095529296237e-02 1.279217850758835318e-01 1.201247086586791080e-01 1.163034596337514520e-01 1.184141334494755587e-01
1.800000000000000044e+00 2.895417960651053280e-01 1.432730101542900591e-01 1.087755050476251623e-01 1.355184747755463770e-01 1.307750886059294848e-01 1.325322917514423493e-01 1.301745199011052345e-01 1.332712763106795317e-01 1.339695157059931363e-01
1.900000000000000133e+00 2.150757735929745840e-01 1.561828450489358144e-01 1.202765512091234779e-01 1.521176291824850313e-01 1.554723467138653392e-01 1.449678561181775571e-01 1.495670205673855779e-01 1.497925307418747631e-01 1.481644689411507898e-01
2.000000000000000000e+00 1.287212321512803681e-01 2.004610155441764463e-01 1.646928169603540382e-01 1.640012382301762606e-01 1.562051549556236485e-01 1.634651685471359972e-01 1.606033480486170617e-01 1.634423607395672218e-01 1.617678336841679720e-01
2.100000000000000089e+00 1.068296710711619385e-01 1.555943734032353143e-01 1.403001403390743973e-01 1.524310328978087659e-01 1.507788980781204491e-01 1.686816599184922105e-01 1.705540376641576650e-01 1.743917985815679195e-01 1.723767355101740728e-01
2.200000000000000178e+00 2.238018996115422876e-01 5.001913353012171770e-02 1.819489966707939499e-01 1.969127475731584365e-01 1.633964141590980579e-01 1.778697853030844767e-01 1.870889486431966120e-01 1.865536420152590913e-01 1.831254677431721767e-01
2.300000000000000266e+00 1.707345107267209394e-01 1.577991556045884314e-01 1.837047415541148976e-01 1.660375490934953846e-01 2.013882355052161177e-01 1.899279066235622926e-01 1.917159200863176316e-01 1.871946203312827850e-01 1.933171814785445142e-01
2.400000000000000355e+00 3.483669305484204393e-01 1.456344310059007052e-01 1.861433785031701149e-01 1.860455290685227858e-01 1.979388212632096078e-01 2.018226828484331881e-01 1.997692334449828189e-01 1.997811320799566526e-01 1.984718426186826146e-01
2.500000000000000000e+00 2.053861749093437161e-01 2.159000879948308471e-01 2.299434391862371918e-01 2.264761740110759203e-01 2.152187584816573629e-01 2.091303918284672658e-01 2.016968645975615870e-01 2.065410206900326340e-01 2.069313302799839771e-01
2.600000000000000089e+00 4.181116917096771024e-01 2.098612650980171690e-01 2.684388529022653236e-01 1.930603768808193399e-01 2.127187627861314712e-01 2.115676473366945309e-01 2.093997587079547973e-01 2.067146767352703585e-01 2.087187572869777796e-01
2.700000000000000178e+00 2.463792325036575637e-01 2.732064802109762103e-01 2.091023131873179786e-01 2.105625223725777762e-01 2.031827137848249143e-01 2.028393280811886523e-01 2.097712446105311490e-01 2.125784939092894010e-01 2.090522238969191315e-01
2.800000000000000266e+00 4.062156187225260950e-01 1.690965665651541217e-01 1.900219113175103669e-01 2.329629648867732328e-01 1.830690394034834856e-01 2.048750510935164748e-01 2.087839117986710069e-01 2.087703692710415615e-01 2.069091359079542336e-01
2.900000000000000355e+00 3.312694751571405027e-01 3.553010234480116214e-01 2.663717411665194046e-01 1.931484679236577240e-01 1.956972470825837640e-01 2.016111408105379921e-01 2.009863219023166614e-01 2.037345927596254103e-01 2.017713188070864583e-01
3.000000000000000000e+00 2.331417089465071535e-01 2.476080061867688975e-01 1.549987354414981422e-01 1.708061006604775223e-01 1.893911475029408931e-01 1.940795266820952991e-01 1.935006007651559612e-01 1.958795354914159847e-01 1.958102061641855962e-01
3.100000000000000089e+00 8.232392953200545760e-02 1.877105969213707926e-01 2.714661998673141841e-01 1.630159048772389097e-01 1.940951953281172815e-01 1.793214123365212409e-01 1.833669568917700443e-01 1.873379288061035319e-01 1.823138420230525913e-01
3.200000000000000178e+00 -3.880221919038948086e-02 1.332357275343298841e-01 2.136655319621601490e-01 2.226544559502084131e-01 1.805972721056420816e-01 1.748780622770782223e-01 1.668953468845844612e-01 1.706155820258752065e-01 1.711628668260840869e-01
3.300000000000000266e+00 1.994956312942308130e-01 1.489943911624235506e-01 1.530207098958058232e-01 1.621955075584806394e-01 1.405319737161739857e-01 1.547172486942733904e-01 1.552032608233906430e-01 1.582998161313305951e-01 1.549876557289987522e-01
3.400000000000000355e+00 2.717095112411304081e-01 1.101793908112108644e-01 1.312471241916280396e-01 1.347007200999316701e-01 1.435668740417221922e-01 1.428166822004000580e-01 1.382135838519553406e-01 1.342929225534500448e-01 1.359347404257250369e-01
3.500000000000000000e+00 -1.045648670286521142e-02 1.534391115491057223e-01 1.199248691963566982e-01 1.572491105417367085e-01 1.264831211962035296e-01 1.197570684257038554e-01 1.121750738866492403e-01 1.136189729671751442e-01 1.151167902688018108e-01
3.600000000000000089e+00 3.414648272542601670e-02 5.497084510435892163e-02 2.395868322447380905e-02 8.632578038228871931e-02 8.514531937506651660e-02 8.029363774943489018e-02 8.861503679993863736e-02 8.768195079887765309e-02 8.874985423648465432e-02
3.700000000000000178e+00 9.966137538436026233e-02 4.113859609231781955e-02 6.492244541919857392e-02 7.109100996590449195e-02 6.106648173950298547e-02 6.013909822079577944e-02 6.163532447683341825e-02 6.147376007590195368e-02 6.017199719621372372e-02
3.800000000000000266e+00 3.750467196395834701e-02 4.041847864018784098e-02 4.207370906872705263e-02 -6.432356035721474574e-03 1.663972254188483824e-02 3.717953805309081455e-02 2.751709366682278390e-02 2.869727528359469065e-02 3.050918960998116880e-02
3.900000000000000355e+00 -9.064679282281912220e-02 2.635101697827053890e-02 -4.012786641282915095e-02 -1.790958711443929249e-02 8.252495847501024537e-03 -1.214212621259268439e-02 -1.094537372224665831e-03 -4.211474320920619713e-03 -1.983807183691826698e-03
4.000000000000000000e+00 -7.827669109931947866e-04 2.958862009018405070e-02 -5.820991647465051377e-02 -1.268797441697263467e-02 -6.217585176292306226e-02 -3.776190795810962370e-02 -3.041977291214697371e-02 -3.776037900214029852e-02 -3.509460693914367296e-02
4.100000000000000533e+00 -1.011945260213888143e-02 -5.885911585869719326e-02 -2.831982217174491140e-02 -9.694871452026815328e-02 -6.755995332798528374e-02 -8.202098194955441401e-02 -7.789800225334567174e-02 -7.468144989548912427e-02 -7.424470829103162195e-02
4.200000000000000178e+00 -1.872394618521575071e-01 -2.185822661200853279e-01 -1.266590789376716153e-01 -1.214863382533018371e-01 -1.232515423024786450e-01 -1.126843202357734330e-01 -1.158666197593532232e-01 -1.154768712618803456e-01 -1.163076555885262098e-01
4.299999999999999822e+00 -2.134972262744965488e-01 -1.613701368141669257e-01 -1.697560759264087338e-01 -1.656356633130858513e-01 -1.726789673483284937e-01 -1.577284502032167413e-01 -1.610850545605250483e-01 -1.543129884062598434e-01 -1.571764013737274868e-01
4.400000000000000355e+00 -3.425733018205444624e-01 -2.283889904892396350e-01 -1.635420165523202851e-01 -2.106488091208132962e-01 -2.071790573681971948e-01 -1.951791139628837601e-01 -1.965495192730358220e-01 -1.977495307499063104e-01 -1.994177245548344468e-01
4.500000000000000000e+00 -2.797647790245096910e-01 -2.290169546641721565e-01 -3.210366514337500421e-01 -2.764859979476320118e-01 -2.517306995064458874e-01 -2.377776810095744153e-01 -2.434327875575937605e-01 -2.445443656849157488e-01 -2.441183596601140537e-01
4.600000000000000533e+00 -2.535198368053918072e-01 -3.206805890571124418e-01 -2.795935751823649951e-01 -2.729703793185830896e-01 -2.971015859348331012e-01 -2.917407897024882346e-01 -2.937883195137645509e-01 -2.900384705015908171e-01 -2.887056767826889359e-01
4.700000000000000178e+00 -3.886123452885423823e-01 -4.535306224506702177e-01 -3.679978908584195518e-01 -3.337502239974093898e-01 -3.396041377282589258e-01 -3.353138218194200992e-01 -3.357794919975766734e-01 -3.369106346998654855e-01 -3.372227261130953946e-01
4.800000000000000711e+00 -2.919928368587325074e-01 -3.956510559028293406e-01 -4.538286485893482380e-01 -3.903069918865140209e-01 -3.882174697045517320e-01 -3.801812944419795670e-01 -3.799250236380269374e-01 -3.819321646267772596e-01 -3.815486016433360938e-01
4.900000000000000355e+00 -4.311960916527443066e-01 -3.951557977781874342e-01 -4.129861428175720106e-01 -4.593578605102803247e-01 -4.173707373863936865e-01 -4.323094793857951146e-01 -4.277593015423889478e-01 -4.309576309092559288e-01 -4.272537947072818088e-01
5.000000000000000000e+00 -4.949646659238038926e-01 -4.881922338668189809e-01 -4.948899589617661299e-01 -4.576973768300729994e-01 -4.759659048360981859e-01 -4.800484955958122524e-01 -4.743797972150055053e-01 -4.748011876419169774e-01 -4.760615844137122687e-01
5.100000000000000533e+00 -4.969643740165521351e-01 -4.461580741501476322e-01 -4.899873210440379712e-01 -5.258330257030267019e-01 -5.299914365377165204e-01 -5.272945030538541689e-01 -5.243228952644131136e-01 -5.216564283037214977e-01 -5.228545518757337085e-01
5.200000000000000178e+00 -6.353784708224292643e-01 -5.525169677284400560e-01 -5.895180582133856539e-01 -5.474388598683794793e-01 -5.608620789756562086e-01 -5.612310257983537110e-01 -5.695848406904348016e-01 -5.697808577150624831e-01 -5.702309360306796471e-01
5.300000000000000711e+00 -5.573710139482992432e-01 -6.787718677567046166e-01 -6.229497218066886166e-01 -6.426017305538278546e-01 -6.246611674160007510e-01 -6.156244420965402142e-01 -6.107175714694029756e-01 -6.137969870995585442e-01 -6.136426255493941939e-01
5.400000000000000355e+00 -8.131762863531490915e-01 -5.693912424692155749e-01 -5.895105365151702692e-01 -6.714022275585442845e-01 -6.618364545720214487e-01 -6.506394077412458454e-01 -6.573933503029928405e-01 -6.590566062695587535e-01 -6.584356452283527394e-01
5.500000000000000000e+00 -6.046408151770888972e-01 -6.340215601273624380e-01 -6.888861804631656316e-01 -6.835393927405782888e-01 -7.006405785843777823e-01 -7.065022286406519303e-01 -7.020510102131419794e-01 -6.994215438695352560e-01 -7.000821049992028700e-01
5.600000000000000533e+00 -7.911802973291661711e-01 -7.276082768665839140e-01 -7.110710246608307195e-01 -7.227915868958921797e-01 -7.381853699828290205e-01 -7.405690038915594409e-01 -7.431991998745969275e-01 -7.419306680843816837e-01 -7.409970504610682296e-01
5.700000000000000178e+00 -8.146401377846578251e-01 -8.879328036830828053e-01 -7.356886257482033731e-01 -7.839254830655627559e-01 -7.775889502431645450e-01 -7.725727816719146768e-01 -7.829608535864218677e-01 -7.818802153730354254e-01 -7.816126693258820257e-01
5.800000000000000711e+00 -8.997765022348590547e-01 -8.046725625177891805e-01 -7.450548176579071535e-01 -8.162720146460706871e-01 -8.145445892766568496e-01 -8.181488780445026476e-01 -8.173476789417426502e-01 -8.151364650381021093e-01 -8.169996003904622661e-01
5.900000000000000355e+00 -8.772553773976690117e-01 -8.256081654388188751e-01 -8.485889064068729004e-01 -8.636518135138766539e-01 -8.590685676720349884e-01 -8.418493989467860095e-01 -8.546005522009452182e-01 -8.525208030946239690e-01 -8.517237697960496901e-01
6.000000000000000000e+00 -9.331624539980647448e-01 -9.162212979068172780e-01 -8.942422207948594881e-01 -9.045417880482933271e-01 -8.821854525432425431e-01 -8.864229145114415065e-01 -8.843489307130095733e-01 -8.810771959419033683e-01 -8.840814114659153455e-01
6.100000000000000533e+00 -8.703287631223566301e-01 -9.590339602883839465e-01 -9.259874049231725524e-01 -8.928888967484720496e-01 -9.208647460180240385e-01 -9.118365638691481312e-01 -9.141185893963871267e-01 -9.140549435576830195e-01 -9.147413988969026466e-01
6.200000000000000178e+00 -1.001376181628889084e+00 -8.886440442994102407e-01 -8.388256664950766162e-01 -9.293942789660090131e-01 -9.233897680497958893e-01 -9.414109533682122333e-01 -9.412170352084909819e-01 -9.457541566276014278e-01 -9.414142582854689856e-01
6.300000000000000711e+00 -8.881784564859556141e-01 -9.636172295521232556e-01 -9.663653918609621529e-01 -9.575578446847876624e-01 -9.570397535403394329e-01 -9.724882730339813319e-01 -9.691531211134440937e-01 -9.616399930624717207e-01 -9.650404021300176272e-01
6.400000000000000355e+00 -9.411309915941811211e-01 -1.004387015096460445e+00 -9.888698123831054509e-01 -9.987650286109113207e-01 -9.747958069559325978e-01 -9.744014557520136455e-01 -9.821771019041700690e-01 -9.859118801388453424e-01 -9.883652894243371012e-01
6.500000000000000000e+00 -8.568151487620311313e-01 -9.844099940881526623e-01 -1.041899841930408188e+00 -1.007902112224351887e+00 -1.001534823608146496e+00 -1.009335771753997912e+00 -1.003644488473912855e+00 -1.006973775275409544e+00 -1.005682566960365065e+00
6.600000000000000533e+00 -8.539416499679783890e-01 -1.069460438492122245e+00 -1.015018922863870410e+00 -1.012943655136519627e+00 -1.027575729831760931e+00 -1.031015632062300513e+00 -1.022024781265824078e+00 -1.018334259010447607e+00 -1.020440812269284292e+00
6.700000000000000178e+00 -9.473957558302256166e-01 -1.025239972841764269e+00 -9.902300723661854320e-01 -1.015734783619224313e+00 -1.027397237958914467e+00 -1.038682134613347685e+00 -1.029110769408434489e+00 -1.035205111519219123e+00 -1.033858704088711944e+00
6.800000000000000711e+00 -1.052546100935902507e+00 -1.006057316078539321e+00 -1.026023008037338258e+00 -1.030603927904970352e+00 -1.039625902093758825e+00 -1.031567444963565894e+00 -1.042990238122579960e+00 -1.042358621698033838e+00 -1.042069929240559301e+00
6.900000000000000355e+00 -9.428319921624561673e-01 -1.019579223959499403e+00 -1.060220978650806112e+00 -1.066270010676254154e+00 -1.056654136742980699e+00 -1.049956389772038090e+00 -1.050985108417143987e+00 -1.047215840600906667e+00 -1.046436902891881626e+00
7.000000000000000000e+00 -9.722711275534756670e-01 -1.022634945229584869e+00 -1.017111470223379222e+00 -1.041631405956492840e+00 -1.055168899161312623e+00 -1.050898226523902190e+00 -1.055756072841245397e+00 -1.050825646881962117e+00 -1.051685497464738717e+00
7.100000000000000533e+00 -1.165731022704013631e+00 -1.126113949855904739e+00 -9.995736230297961322e-01 -1.068643705758388851e+00 -1.049106608800694174e+00 -1.052132801313631516e+00 -1.048320876996700957e+00 -1.053012114700130564e+00 -1.050426299337694935e+00
7.200000000000000178e+00 -1.039242010972578401e+00 -9.243962440482303977e-01 -1.040468600425763723e+00 -1.053196457863370572e+00 -1.048577127462910097e+00 -1.037330426900668234e+00 -1.048696703213803705e+00 -1.053094862000755860e+00 -1.050168146357018495e+00
7.300000000000000711e+00 -1.089232565531931929e+00 -1.088626778499534709e+00 -1.071669887486391692e+00 -9.959999827484175006e-01 -1.066204114535496350e+00 -1.044560383534486991e+00 -1.044765095143859401e+00 -1.046232753970962603e+00 -1.045637752020112998e+00
7.400000000000000355e+00 -1.087538931980389867e+00 -1.109885332856261453e+00 -1.073313921160600426e+00 -1.069715779268102684e+00 -1.042834641211194846e+00 -1.034492749897806707e+00 -1.038406813996649580e+00 -1.037780419294695999e+00 -1.036294393499597177e+00
7.500000000000000000e+00 -1.149561487292693585e+00 -1.084463968142882484e+00 -1.082790188669806586e+00 -1.024614034794023354e+00 -1.021134901564332953e+00 -1.030113893609305276e+00 -1.026821553989319513e+00 -1.033138726858650713e+00 -1.029072080502482445e+00
7.600000000000000533e+00 -1.195887220624488823e+00 -1.068385201925058814e+00 -1.023538111940169415e+00 -1.035168392134917736e+00 -1.021396795873961150e+00 -1.018044141476616371e+00 -1.014735907040264840e+00 -1.019173312415824206e+00 -1.017556324145129976e+00
7.700000000000000178e+00 -9.513234959168113125e-01 -1.021769269161363569e+00 -9.820156301792216658e-01 -1.021276322926427449e+00 -1.005622156514885512e+00 -1.003275253681457535e+00 -1.005039498662586572e+00 -1.005523179517427312e+00 -1.005153350424083936e+00
7.800000000000000711e+00 -1.041898841347529858e+00 -9.319300231515348365e-01 -9.562855355078125896e-01 -9.856460779214882839e-01 -1.002803644455983134e+00 -9.872830982747938799e-01 -9.976221578765402942e-01 -9.926226199481965606e-01 -9.904944990320800891e-01
7.900000000000000355e+00 -1.166824853776454951e+00 -9.798967854213834761e-01 -9.823348539958542958e-01 -1.011806712146357423e+00 -9.752100909160051900e-01 -9.711145392798716802e-01 -9.713934579616454457e-01 -9.777811454158885640e-01 -9.743176325649122171e-01
8.000000000000000000e+00 -7.427999595917403886e-01 -8.587363075057987682e-01 -9.534775254063985184e-01 -9.673347072531868207e-01 -9.616934306226890827e-01 -9.542557599234011700e-01 -9.566778583789520285e-01 -9.620607706567279038e-01 -9.578181938588317124e-01
8.099999999999999645e+00 -9.627300216092703478e-01 -9.202826657422994439e-01 -9.021848841653696827e-01 -8.997125566584389667e-01 -9.392570046147056262e-01 -9.388854322984843126e-01 -9.454629954849500528e-01 -9.406521668413964088e-01 -9.417161441992957238e-01
8.200000000000001066e+00 -9.207660399372451510e-01 -9.574920903648715953e-01 -8.652641796484646930e-01 -9.134308001115039044e-01 -9.087827206277990788e-01 -9.218529462040849776e-01 -9.252638407564162115e-01 -9.248010262805170800e-01 -9.228170116099778664e-01
8.300000000000000711e+00 -8.972918035974881690e-01 -8.269738772181474129e-01 -8.771551884934262189e-01 -9.025257640106016943e-01 -9.091276181378462606e-01 -8.996960693744013859e-01 -9.086279971002793054e-01 -9.048554056697011294e-01 -9.064315777831301046e-01
8.400000000000000355e+00 -9.731212507518789412e-01 -8.008806004710076198e-01 -8.893370908574929068e-01 -9.107011442787775746e-01 -8.623760271293432478e-01 -8.839451753705986903e-01 -8.860757359916565656e-01 -8.889915053478268936e-01 -8.879832659366920788e-01
8.500000000000000000e+00 -8.859177229791611596e-01 -8.677230472791627180e-01 -8.512283846969064260e-01 -8.780231474196209529e-01 -8.653138074919617395e-01 -8.692711512972842725e-01 -8.676685851371669367e-01 -8.671329159860979852e-01 -8.683200455998797418e-01
8.599999999999999645e+00 -9.587076077396607943e-01 -7.668420655202516922e-01 -8.734696544496521886e-01 -8.399064223559170594e-01 -8.431603644644407591e-01 -8.548509374813095807e-01 -8.520872235233025727e-01 -8.527500200662571084e-01 -8.517893116754027272e-01
8.700000000000001066e+00 -7.463965305685571483e-01 -7.987743363653729833e-01 -8.087873155661193803e-01 -8.427938744346844535e-01 -8.370399046572947199e-01 -8.383179604645847327e-01 -8.351026969894296270e-01 -8.367339630732468780e-01 -8.340043173047428926e-01
8.800000000000000711e+00 -7.042708985114449760e-01 -7.952179088981836674e-01 -8.191253616509884816e-01 -8.008584666729143819e-01 -8.148838882700027986e-01 -8.126525057328315427e-01 -8.128759068806133969e-01 -8.210866378191219450e-01 -8.210106357196634841e-01
8.900000000000000355e+00 -7.530772769741440609e-01 -7.039938671009675630e-01 -7.795837020406509721e-01 -8.219205560038198577e-01 -8.036981883906868518e-01 -8.052746464369334722e-01 -8.029037081177620161e-01 -8.042105250623625690e-01 -8.063609396458594203e-01
9.000000000000000000e+00 -7.440490748473661542e-01 -7.426000659447881125e-01 -8.227355437350183376e-01 -7.791964912848859948e-01 -7.957748883912558746e-01 -7.912842100244080745e-01 -7.964467754660109478e-01 -7.947085005209383324e-01 -7.944011074701694541e-01
9.099999999999999645e+00 -8.502092560464700188e-01 -6.796840050806424172e-01 -7.408389479321167981e-01 -7.751478303126980718e-01 -7.780954672333965094e-01 -7.718926901704985521e-01 -7.864404304026835213e-01 -7.810942770589194284e-01 -7.819220027991758970e-01
9.200000000000001066e+00 -7.395640031058432484e-01 -7.450562711872719124e-01 -7.411080841533929098e-01 -7.784721734933585102e-01 -7.765266188304721373e-01 -7.814283626965593532e-01 -7.690162471534209843e-01 -7.724331749972160877e-01 -7.737081022277398912e-01
9.300000000000000711e+00 -5.128969294378376009e-01 -7.524737607935778616e-01 -7.894452992059938223e-01 -7.641161709372105149e-01 -7.589480307472884490e-01 -7.660343314948853122e-01 -7.657849423005298473e-01 -7.674974864796781926e-01 -7.670300275083451469e-01
9.400000000000000355e+00 -1.014783065626345238e+00 -6.837086191823866788e-01 -7.474068586202825548e-01 -7.706491302599409732e-01 -7.681282762615457838e-01 -7.677551895070857668e-01 -7.568336861855692321e-01 -7.658579945701744496e-01 -7.608585935682161683e-01
9.500000000000000000e+00 -5.886438571443541878e-01 -7.949478072011036955e-01 -7.946787985470272764e-01 -7.580440294292530856e-01 -7.511411483818680734e-01 -7.641138345012449262e-01 -7.575583933449581142e-01 -7.529296194867719505e-01 -7.596238318111270260e-01
9.600000000000001421e+00 -6.812563736777965673e-01 -7.414870036364361594e-01 -7.341597401668201739e-01 -7.334823043088218864e-01 -7.796818969583905190e-01 -7.596783463110003964e-01 -7.586087459543240374e-01 -7.565515160259393967e-01 -7.584957144763502246e-01
9.700000000000001066e+00 -8.823318976950881298e-01 -7.952202273060439142e-01 -7.716685988064355683e-01 -7.653975928867147172e-01 -7.603773492089226371e-01 -7.569997097919496376e-01 -7.608059495466298339e-01 -7.624947344939189131e-01 -7.605599943854960410e-01
9.800000000000000711e+00 -8.795026889636189393e-01 -8.488105172057829328e-01 -7.420098741412191057e-01 -7.368024803926966904e-01 -7.506427873596708267e-01 -7.665195442010863669e-01 -7.685451633216736633e-01 -7.654800357593154470e-01 -7.651707492448643899e-01
9.900000000000000355e+00 -7.428468134217283136e-01 -8.407808581673323900e-01 -7.701548686271552091e-01 -7.955979606176918351e-01 -7.745728285786902534e-01 -7.669339692492689320e-01 -7.779555290922731681e-01 -7.712120179332343506e-01 -7.715135188766185648e-01
1.000000000000000000e+01 -7.436971861476061596e-01 -8.815194897552866005e-01 -7.701382536540340995e-01 -7.884892555466016528e-01 -7.883880027646205102e-01 -7.840344497898280585e-01 -7.796816942086404190e-01 -7.835960928381546786e-01 -7.833423000677152137e-01
