Column number 1
-0.009315444369761164
-0.09608899894227012
-0.09035294156774493
0.056956697400475854
-0.055982969314896366
-0.03667422613778072
0.02846400604481507
0.07116102529519411
-0.128033759843454
-0.06491115305274252
0.006680248000757859
-0.09934140849158006
0.09566384863326036
0.043706628234729636
0.06659955047928859
0.20541958933574486
0.07877228914658983
0.08217013743258131
0.17819841265155914
0.016113656793321135
0.2181004904864713
0.20585773881502845
0.16268929546195662
0.1422387392589195
0.12682139306247114
0.07085887162973944
0.2935595624480131
0.14719860094011503
0.10733105916983611
0.1793926654223862
0.19791746386371745
0.31409726348889166
0.15891555212014857
0.2776050837845425
0.1123734586245724
0.039579303201377966
0.289466054537661
0.06408801313837237
-0.013306288796570816
-0.10886887404458705
-0.11073328182198126
-0.030406822454219787
-0.13414169946117088
-0.29902089974205803
-0.2583336501327038
-0.33718292847494846
-0.42839899260150394
-0.3159767788668225
-0.49844322126824386
-0.502605671992496
-0.5340506525236974
-0.437846204278536
-0.4936922693682391
-0.5281820207984942
-0.6645186936290303
-0.5103625564835746
-0.7536251819204876
-0.6773201212993816
-0.670350126388898
-0.9732321709239051
-0.7609958602101323
-1.073431921114969
-0.9386799986279399
-1.1028460865519334
-0.9546283985434026
-0.9192187950261419
-1.0404085212524654
-0.9764234616976161
-0.9007400592061097
-1.0998266982759926
-1.0520837797291633
-0.955411237427838
-1.1370992908204562
-0.8687131471677118
-1.062141890123327
-1.168641482055536
-1.1068018197799747
-0.9767699185719971
-1.0345938710959186
-1.0729969393814347
-1.0740058139937896
-0.7758282500929679
-0.7787872235715754
-0.9014384355314402
-0.9271124200186078
-0.8822106082810468
-1.0328914444624657
-0.9443525989567136
-0.9110923280110648
-0.7159001390787171
-0.5958168904462016
-0.8136544411998707
-0.6238885584823013
-0.5244339406435836
-0.4912885827776325
-0.9238639081012185
-0.7494555537149394
-0.6797921020754436
-0.6263814046302993
-0.9067205957786454
-0.8134978865894003
Column number 2
-0.06133983821338535
-0.015148224919641632
-0.058121561274177516
0.011083321459528447
-0.07087227951358183
-0.01852190286381651
-0.15933571265657304
-0.014497407825837121
-0.032657470665928445
-0.10401164555272745
-0.0051882936921528455
0.14792369339304012
-0.005938079018459316
0.06470785197612525
0.016702380277124215
0.18923687932303057
0.10955456650956334
0.11245171070243232
0.2665640205641283
0.11964380654451454
0.16394990579568183
0.280937761707465
0.2030149198110965
0.2615229029817848
0.21985694904963712
0.16717065972337014
0.326082998238849
0.19184143945753596
0.19640304410719603
0.22025267475543292
0.3286778633975208
0.12485444950142235
0.22422671514032916
0.1135282474253992
0.18899965710202277
0.0647868498719189
0.1136458724454912
-0.045404008181330835
0.07278624325064904
-0.041555841194738055
-0.03789959371919354
-0.1185474882461589
-0.16039196469122458
-0.2076249650889481
-0.1805662350277713
-0.16216961504880006
-0.21790915657733084
-0.2294782872470178
-0.37965470324796924
-0.36752436083543916
-0.5416840408355739
-0.4564848205111083
-0.5031044316312272
-0.5835251240648646
-0.6715014224371815
-0.6926066883305455
-0.6882771702341808
-0.7937298332722249
-0.7856906222575647
-0.7939104978996016
-0.8707377243038624
-0.993249249166869
-1.006805724281143
-0.90752886247305
-0.954039630630505
-1.0759178490022188
-0.9942247914295667
-0.9544823620655991
-1.0522860483370648
-1.0398423371734293
-0.9210141798520581
-1.0887538082022734
-1.0878449084186224
-1.0531055764040027
-1.0425863003448155
-0.967323632553209
-0.8902526801263395
-1.0858115522078677
-1.0327189732428734
-0.9329041342931953
-0.8540090123852977
-0.9029450644236421
-0.9757602117283015
-0.7836629503667836
-0.9672246885878081
-0.9054074426997787
-0.8285510785175382
-0.8226974018273405
-0.8734778341866912
-0.7531601503444512
-0.8448967404535157
-0.8858648060628097
-0.8092309868867171
-0.8060375183396242
-0.783823052452476
-0.7876694795395324
-0.7243885317789134
-0.8120737716077125
-0.7534464644189013
-0.7029497569648593
-0.825061383597376
Column number 3
-0.004061478407241001
-0.013059538401391582
0.026950330722992865
-0.09587909537542352
-0.007955386879422788
-0.014365254010858149
-0.005423243300489631
-0.031089827376201966
0.01306592009531038
-0.008555834337193221
-0.01933560400607836
0.019490795613355996
0.033224260213146034
0.017754224508919864
0.02339759853793627
0.07233631523365569
0.1016032827622002
0.1457158044906978
0.12273893867015334
0.20025004491170728
0.18586757689097333
0.10137661158464456
0.12830014389151506
0.24965982458439193
0.18354604034825997
0.22817069544521662
0.21821369200609958
0.19896148869473812
0.1388521750452338
0.1900608844664302
0.15440239331219185
0.21623618502204892
0.1696599544099219
0.1314786923547521
0.10288019004961813
0.10693924501867311
0.06880450026509259
0.06284852593202829
0.03144693795800667
0.02339222228866657
-0.037454905446347934
-0.1006391432196667
-0.09649413977011542
-0.1372977426283255
-0.18688697998961395
-0.23953635405567547
-0.27589396921143083
-0.32847622454431746
-0.3619968490368335
-0.42647475614048785
-0.4337485440149797
-0.4719650099829161
-0.5628762631107997
-0.633566459717387
-0.6489561164941409
-0.7324542585193576
-0.7552401779055801
-0.7216451859626667
-0.7562710671131359
-0.826644395669667
-0.8927274677766159
-0.8958001398459811
-0.9241500733820689
-0.9650998336110295
-0.9873291181956038
-0.9405102915371761
-0.9821243292949127
-1.0752838948320391
-1.0225512813220106
-1.064187435315033
-0.9904694032000856
-1.059493857656365
-1.0417581120030044
-1.0747401394163887
-1.0986243794827344
-1.0142817178808539
-0.9727037249394124
-0.9661172042584365
-0.9321502602071734
-0.9867759466752851
-0.9389718322467807
-0.9306593413860845
-0.9461286668214339
-0.9170847779371428
-0.918505897939324
-0.860999355426434
-0.8742096800232231
-0.892375641128889
-0.8577335720281362
-0.8025189680523214
-0.779865202012882
-0.7278867647359544
-0.7960746254429768
-0.7377642014949777
-0.6881712855280379
-0.7613813455406404
-0.7569955477031308
-0.7308187124141652
-0.7105209556849972
-0.7563635140826253
-0.7829085994949337
Column number 4
0.005510918163128783
-0.03900699760206886
-0.036442376071870126
-0.0293140196918616
-0.01121628868627351
-0.03374410098197741
-0.04407049003990193
-0.0542221822771621
-0.04179038050584751
-0.0032133395297635307
0.01032849060680201
0.03717656223126414
0.043662678335483644
0.04925544478668357
0.06897025125992481
0.06419589534790171
0.11079000550060229
0.0978279501080767
0.14382277020725598
0.1513341186863052
0.17965691570710093
0.17905881853061703
0.20181297420393163
0.2109470801489981
0.15928895532900345
0.23864992266734028
0.218382978727639
0.18562184674698634
0.19283305877708068
0.21814322501507893
0.1728745579118303
0.21022679720109777
0.16712543393989757
0.18416573601429284
0.11248590365575695
0.1068271294407403
0.10343335759194601
0.04075650879167468
0.045646465522340834
0.019044581010618258
-0.04465732508645716
-0.06719968822186201
-0.1279628489881682
-0.15976030948773126
-0.19546637650808646
-0.24671842142678968
-0.3152126080783627
-0.332075987651065
-0.3563240256733975
-0.41326982028836085
-0.4779523920006983
-0.5496450660134543
-0.5771924178628642
-0.579879121556
-0.6524054059053628
-0.681298527237918
-0.7487016473937445
-0.8014069759362018
-0.8045679729615345
-0.859345243820261
-0.867694729166213
-0.9410500978293096
-0.9573080159039116
-0.9703798944323444
-0.9925344813567012
-1.0184655290367395
-1.018242266273931
-1.0117331682891921
-1.0209074749076235
-1.0437285024383016
-1.0706230011710294
-1.063530520667297
-1.0424382765089115
-1.06315906171755
-1.0550170287248397
-1.0326069063791015
-0.9969340447573984
-0.9989536755011215
-0.9826727959186324
-0.9593623350168792
-0.9609811490852962
-0.9374569028539474
-0.9420552426821772
-0.8850694107292553
-0.8972601990310826
-0.8527178724678802
-0.8381062707972535
-0.8445834006172932
-0.8128399022940792
-0.7876437511673002
-0.7431632249870119
-0.7656239906102439
-0.7792399286380348
-0.7739734184280701
-0.7467085213474591
-0.7479569588880893
-0.7581378982929704
-0.7442949952798321
-0.7554738220993739
-0.7827196252949455
-0.8024269622078348
Column number 5
0.010777433175054989
-0.004216360364003415
0.0005731232342022462
-0.023200574348033277
-0.006053523955536941
-0.006321066462765928
-0.02335362193364244
-0.0004913694698699522
0.0024340758304662634
0.013762890478133762
0.02297750378385503
0.03431303447184828
0.04640256862506359
0.04446529122615918
0.06744174776788946
0.0709144863283779
0.09746998312318193
0.11842188349820211
0.15613106521724496
0.1310473608874872
0.1606276059893021
0.1826757088279051
0.18236242277340645
0.18432960735384482
0.1995629535030549
0.21119568931447427
0.20629369998546726
0.21594226148608225
0.20257257102502438
0.21508368379995285
0.18816274516170925
0.17953732779984788
0.18020234927360024
0.16091366216158215
0.140483279086528
0.12739027206588258
0.08614300480925709
0.06295850896003122
0.02865403608099718
-0.004580613242313275
-0.0309467727095114
-0.07627040102715196
-0.11138621620680407
-0.1606041043046769
-0.19974732221201222
-0.23508792959683733
-0.29870642000514447
-0.3332662548162977
-0.3792547486655897
-0.418238125613709
-0.476379282642188
-0.5244380653866609
-0.5643796521271747
-0.6025924997667577
-0.6494171078056841
-0.6894119088896612
-0.7491415694252759
-0.7985215151435595
-0.8099875237370299
-0.8423386601851524
-0.8597108186266991
-0.9089502855941715
-0.9476120622710028
-0.9752212333615362
-0.9811398049767416
-1.0089277286216003
-1.0112337684767942
-1.030689341029019
-1.0419899707418065
-1.068180961642854
-1.0570073604563344
-1.0552636521743979
-1.0456603410860084
-1.0528517444937755
-1.0434625370347705
-1.0365680545300229
-1.028065956652267
-0.9970172476377765
-0.9965038078056805
-0.9770735029628822
-0.9714214381514499
-0.9419693833433838
-0.9087632990827696
-0.8884526886979879
-0.8909793091808755
-0.8580608463343634
-0.8527937401294069
-0.8326452398984365
-0.8255262837039268
-0.7720198128051996
-0.7850111292469678
-0.7791491366488634
-0.7624372151713331
-0.7803548899037364
-0.7580099548790423
-0.7600852354796589
-0.7533173094756891
-0.7538127669333635
-0.7704108755794906
-0.7714403366313067
-0.7782551543306498
Column number 6
0.00538383845225717
-0.01193965983356238
-0.019553163200554342
-0.021840073054078195
-0.014634746476546095
-0.02092554502166977
-0.019673325372475913
-0.010021008086577639
-0.0015987086342813834
0.0028102418196757095
0.018690179573700286
0.025403503105668003
0.036960855622333054
0.05754533425212361
0.06133782992207519
0.0955475872515896
0.09387248010943296
0.12414282075555057
0.14356401802445995
0.15288046484035095
0.16678593270898526
0.16314566025850066
0.18651281595479471
0.19065534241042564
0.19989064937654838
0.2077350181961147
0.2164413803045571
0.21036082051108151
0.20883667188201133
0.2010072528715212
0.1972574081003622
0.18774052160925075
0.17076302981815875
0.16044772311020863
0.13180035309630192
0.11452682238473377
0.09120097750533641
0.05698937494820983
0.037924223353841796
-0.0022932093822776414
-0.04308751445591835
-0.07495111371105416
-0.11242486862519877
-0.15752936559855682
-0.1995876876826286
-0.2543398808648651
-0.2932581719523176
-0.33781907841109543
-0.36769026128784543
-0.44141141012933677
-0.47395560720235647
-0.5252277860285882
-0.5796198654395627
-0.6159684039278149
-0.6583586795201721
-0.6981030120343176
-0.7430004562700461
-0.7708589554862354
-0.811259036053229
-0.8539814458712033
-0.8850646510690318
-0.9139686078920211
-0.9377350382514419
-0.9637132928830351
-0.98568818493694
-1.003685333671091
-1.0204707075270678
-1.0376630409162497
-1.046387499824231
-1.0359516010296013
-1.049496077378967
-1.047877605009336
-1.041733175220498
-1.0521914444363576
-1.0352346743942984
-1.0235171484301713
-1.0053466717000272
-1.0096966317218463
-0.9850108042792528
-0.9742869964481663
-0.9645659990354368
-0.9461525498473141
-0.9250336144091978
-0.8928456496705635
-0.8843194378902022
-0.8677744220917945
-0.8511785106073385
-0.8379406297940276
-0.81706566720582
-0.8198816401691005
-0.7918170625077299
-0.7801251110237154
-0.7755232375388583
-0.7688236100070153
-0.7517656927836365
-0.7610304014143301
-0.75750773777824
-0.7712283861575228
-0.7690837114897033
-0.7742766792645244
-0.7770385289204491
Column number 7
0.0024849734637068326
-0.0108149778910078
-0.012739109783459657
-0.018930968937534223
-0.017748748318390645
-0.01857119345829766
-0.016620415131377044
-0.011682577078139586
0.0008087863568464375
0.0027534615847698896
0.019150933903620368
0.030832086189731264
0.038031823039328366
0.05954903909256013
0.06752192927059573
0.08367057488644881
0.09763869947242552
0.1213276575933142
0.13909306609179864
0.1447041397125273
0.15476623475681955
0.175460902831424
0.1816252242066993
0.19429166332611403
0.20228499097616798
0.20980205659946055
0.2126405781050691
0.20738580931346573
0.21283155870101966
0.2071454129765302
0.19772605607203123
0.1831106751044964
0.17190349997046658
0.1638047332434322
0.13946302892892168
0.11534404739162185
0.08673730000719086
0.06043311288476235
0.028469196495639355
0.004571892066628409
-0.03387554159508333
-0.07247557525099568
-0.11539784460601563
-0.1526356091876787
-0.1985111921204299
-0.24583798567255227
-0.2861290236100831
-0.33585598049050014
-0.38250259114778634
-0.4255820745562759
-0.47910793823027403
-0.5189671594623907
-0.5651817965117656
-0.6167276450860505
-0.6541389530526864
-0.7004687184674679
-0.7461510284254163
-0.7788535109434404
-0.8058882614303978
-0.8518131832304634
-0.8828957702715973
-0.9132242518380151
-0.9407148192898137
-0.9671745853578846
-0.9898542142736028
-1.0070651150382128
-1.0192560650125133
-1.0316686232166257
-1.0395836477848794
-1.050528424084311
-1.0509065761808962
-1.0536444511430594
-1.0481089204714518
-1.0423212801647281
-1.0375657225786494
-1.0273886570991093
-1.0240811914138055
-1.0044223635206797
-0.9917695855005302
-0.9726003529241066
-0.9603426584437452
-0.9429454906941103
-0.9195870241829864
-0.9014744339290546
-0.8827668233288718
-0.8683303976985836
-0.8507952321014634
-0.8372383351654412
-0.8195708295981515
-0.8042439262167684
-0.7926372856458029
-0.7834792600113246
-0.7695063232834313
-0.769347051780503
-0.7564204752727115
-0.7542162788844984
-0.7600589109554228
-0.7590039202974475
-0.7626519065470891
-0.7730822596706147
-0.7825509477895676
Column number 8
0.0007564187338380178
-0.010263339292530378
-0.016623229261957428
-0.019726597744531164
-0.02003651748797981
-0.0198756323407262
-0.01568181417805699
-0.011746799589153239
-0.003405703555424409
0.005171450852229498
0.01606202859503842
0.0272444083776983
0.03917184481739267
0.054763527586437245
0.06950497376444496
0.08845510941789256
0.10110185257138642
0.11725105382626949
0.13019456482826094
0.1463427230269715
0.15894749640818126
0.17328032685796496
0.182142557378264
0.19050828054793517
0.1973402198310347
0.2042142453866628
0.20699156074637456
0.20971295390132846
0.20803525386823932
0.20205679687190256
0.19538465838856905
0.1865194660959866
0.1707362734161038
0.15416836076717108
0.13424537481766902
0.11288544328629578
0.08771646083446206
0.059554229045399205
0.03221318137883442
-0.0005260102017123332
-0.04012277408030116
-0.07378684072943015
-0.11366941288595421
-0.15709961797771585
-0.20004355286660827
-0.24312610893217082
-0.2906427762616644
-0.333635469145869
-0.37949718316230185
-0.42833537966498075
-0.47887761889150104
-0.5263809213323447
-0.5664173724978375
-0.613577430652984
-0.6580011124441237
-0.6996451735464204
-0.7414100705316257
-0.7807939418510148
-0.8180552553232303
-0.8533853923591439
-0.8852851748182372
-0.9156566839302333
-0.9426960696708993
-0.9661709018753462
-0.9871517154594315
-1.0029808495811905
-1.0189880476269562
-1.0354148654615771
-1.04144778408186
-1.0528699805163533
-1.050802276462254
-1.0505286522152175
-1.0497165112016305
-1.0474772537016492
-1.0391898865272688
-1.0290352504695945
-1.0184580278797304
-1.0037650367048567
-0.9910849987923877
-0.9764011131523751
-0.9600561564753675
-0.94230695663033
-0.9223511471711693
-0.9057929714960664
-0.8868231106488644
-0.8711056866717715
-0.8504794162574674
-0.8357062512292782
-0.8201440967784661
-0.8073788505092289
-0.793874483517659
-0.7812818350408688
-0.7719725728373324
-0.7659092511462546
-0.7625146662503398
-0.7592354942828732
-0.7616780192101149
-0.7595678341220979
-0.7647076575810877
-0.7745405777318054
-0.7811275730856583
Column number 9
0.0012069802498018733
-0.009985920111279958
-0.01597151375908499
-0.020856083535230007
-0.02047214038228656
-0.020342991906395096
-0.016308603003446418
-0.011207386033404206
-0.004342720000244731
0.004794158542386435
0.014501255899469335
0.02851666305194377
0.04086208536464343
0.05605925515105347
0.0698650329780155
0.08579532164738356
0.10245852989134521
0.11694817301759579
0.13212725768036324
0.14783922895137333
0.1602041719291712
0.1722108904879594
0.18399754056730996
0.1945723392153975
0.20050067315243278
0.20784601616464352
0.20882413511821776
0.21061180232553495
0.20799138742330955
0.20224149133386743
0.1967533559845242
0.18486017136524724
0.17033611644373867
0.1545683781902647
0.13624478408064714
0.11332513818665998
0.0886074996950613
0.06107189434792857
0.03160009711249472
-0.002401160505846699
-0.03795913006769471
-0.07424380349539857
-0.11406787222207733
-0.153883892459247
-0.19825446027938096
-0.24406128296360963
-0.28941604299161616
-0.335949224624049
-0.38191200507671136
-0.42952314689046484
-0.47449199752575316
-0.521504941616516
-0.5695336459959482
-0.6140659183830083
-0.6582415189709965
-0.7023237188416286
-0.7437013029568924
-0.7788372487979819
-0.817062145605791
-0.8539834611093868
-0.8839330515977291
-0.9132845680628656
-0.9387456027205012
-0.9649383839435204
-0.9881947714935231
-1.0057678905858318
-1.0228982403891305
-1.0331574740863998
-1.0417600771811655
-1.049268744374961
-1.0529927046767202
-1.053472002678918
-1.0484636908841236
-1.0443418561293034
-1.038451456757505
-1.0286296091127638
-1.0182003934856079
-1.0048320360621779
-0.9917833734258201
-0.9761484980338883
-0.9599265862199747
-0.9400177348867762
-0.9231359793249785
-0.9049767985259439
-0.8852688441632939
-0.8692702396181072
-0.8509338799217101
-0.8348256572524534
-0.8188533400415063
-0.805412894937272
-0.7923903056228531
-0.7827912065284062
-0.7722505534326334
-0.7639423570234991
-0.7609020614733059
-0.7581184004081306
-0.7575246198123027
-0.7604803331349276
-0.7649825718838247
-0.7721330086634955
-0.7826104457479292
